[[0.7891156462585034,0.047619047619047616,0.16326530612244897],[0.02040816326530612,0.047619047619047616,0.9319727891156463],[0.6666666666666666,0.3129251700680272,0.02040816326530612],[0.6530612244897959,0.08843537414965986,0.2585034013605442],[0.6938775510204082,0.10204081632653061,0.20408163265306123],[0.027210884353741496,0.8707482993197279,0.10204081632653061],[0.2925170068027211,0.5238095238095238,0.1836734693877551],[0.7482993197278912,0.14965986394557823,0.10204081632653061],[0.027210884353741496,0.06802721088435375,0.9047619047619048],[0.4897959183673469,0.19047619047619047,0.3197278911564626],[0.19727891156462585,0.6598639455782312,0.14285714285714285],[0.006802721088435374,0.06802721088435375,0.9251700680272109],[0.013605442176870748,0.07482993197278912,0.9115646258503401],[0.4421768707482993,0.5170068027210885,0.04081632653061224],[0.14285714285714285,0.8027210884353742,0.05442176870748299],[0.9115646258503401,0.027210884353741496,0.061224489795918366],[0.21768707482993196,0.034013605442176874,0.7482993197278912],[0.8435374149659864,0.034013605442176874,0.12244897959183673],[0.027210884353741496,0.9455782312925171,0.027210884353741496],[0.8163265306122449,0.1292517006802721,0.05442176870748299],[0.43103448275862066,0.5689655172413793,0.0],[0.5517241379310345,0.20689655172413793,0.2413793103448276],[0.25862068965517243,0.603448275862069,0.13793103448275862],[0.603448275862069,0.05172413793103448,0.3448275862068966],[0.22413793103448276,0.1724137931034483,0.603448275862069],[0.5689655172413793,0.034482758620689655,0.39655172413793105],[0.29310344827586204,0.034482758620689655,0.6724137931034483],[0.25862068965517243,0.5344827586206896,0.20689655172413793],[0.25862068965517243,0.4827586206896552,0.25862068965517243],[0.5,0.1724137931034483,0.3275862068965517],[0.7758620689655172,0.1724137931034483,0.05172413793103448],[0.49122807017543857,0.07017543859649122,0.43859649122807015],[0.5344827586206896,0.13793103448275862,0.3275862068965517],[0.46551724137931033,0.15517241379310345,0.3793103448275862],[0.05172413793103448,0.2413793103448276,0.7068965517241379],[0.3466666666666667,0.6533333333333333,0.0],[0.12371134020618557,0.6494845360824743,0.2268041237113402],[0.22666666666666666,0.6933333333333334,0.08],[0.72,0.0,0.28],[0.52,0.18666666666666668,0.29333333333333333],[0.013333333333333334,0.5733333333333334,0.41333333333333333],[0.4,0.5866666666666667,0.013333333333333334],[0.7659574468085106,0.23404255319148937,0.0],[0.0,0.6170212765957447,0.3829787234042553],[0.2765957446808511,0.0,0.723404255319149],[0.013333333333333334,0.48,0.5066666666666667],[0.8533333333333334,0.10666666666666667,0.04],[0.8266666666666667,0.16,0.013333333333333334],[0.7066666666666667,0.05333333333333334,0.24],[0.013333333333333334,0.5466666666666666,0.44],[0.48,0.013333333333333334,0.5066666666666667],[0.0,0.56,0.44],[0.5866666666666667,0.36,0.05333333333333334],[0.10810810810810811,0.8243243243243243,0.06756756756756757],[0.5135135135135135,0.1891891891891892,0.2972972972972973],[0.5,0.17567567567567569,0.32432432432432434],[0.24324324324324326,0.17567567567567569,0.581081081081081],[0.7972972972972973,0.14864864864864866,0.05405405405405406],[0.14864864864864866,0.17567567567567569,0.6756756756756757],[0.6081081081081081,0.35135135135135137,0.04054054054054054],[0.32432432432432434,0.28378378378378377,0.3918918918918919],[0.44594594594594594,0.25675675675675674,0.2972972972972973],[0.5945945945945946,0.12162162162162163,0.28378378378378377],[0.17567567567567569,0.20270270270270271,0.6216216216216216],[0.6486486486486487,0.04054054054054054,0.3108108108108108],[0.275,0.0,0.725],[0.125,0.0,0.875],[0.65,0.175,0.175],[0.35,0.65,0.0],[0.0,0.675,0.325],[0.45,0.0,0.55],[0.1,0.875,0.025],[0.15,0.775,0.075],[0.2,0.325,0.475],[0.65,0.0,0.35],[0.14583333333333334,0.8333333333333334,0.020833333333333332],[0.8125,0.0625,0.125],[0.2708333333333333,0.08333333333333333,0.6458333333333334],[0.5416666666666666,0.0625,0.3958333333333333],[0.625,0.25,0.125],[0.10416666666666667,0.3333333333333333,0.5625],[0.5416666666666666,0.3125,0.14583333333333334],[0.2916666666666667,0.0625,0.6458333333333334],[0.22916666666666666,0.4166666666666667,0.3541666666666667],[0.4375,0.3541666666666667,0.20833333333333334],[0.25,0.25,0.5],[0.5416666666666666,0.020833333333333332,0.4375],[0.32432432432432434,0.24324324324324326,0.43243243243243246],[0.75,0.25],[0.5833333333333334,0.4166666666666667],[0.9166666666666666,0.08333333333333333],[0.7222222222222222,0.2777777777777778],[0.6944444444444444,0.3055555555555556],[0.9166666666666666,0.08333333333333333],[0.7222222222222222,0.2777777777777778],[0.9444444444444444,0.05555555555555555],[0.25757575757575757,0.5,0.24242424242424243],[0.45161290322580644,0.24193548387096775,0.3064516129032258],[0.3787878787878788,0.12121212121212122,0.5],[0.6774193548387096,0.3064516129032258,0.016129032258064516],[0.10606060606060606,0.30303030303030304,0.5909090909090909],[0.22580645161290322,0.5967741935483871,0.1774193548387097],[0.10606060606060606,0.7121212121212122,0.18181818181818182],[0.3064516129032258,0.1774193548387097,0.5161290322580645],[0.5909090909090909,0.10606060606060606,0.30303030303030304],[0.1935483870967742,0.46774193548387094,0.3387096774193548],[0.19696969696969696,0.3333333333333333,0.4696969696969697],[0.22580645161290322,0.6290322580645161,0.14516129032258066],[0.16666666666666666,0.7424242424242424,0.09090909090909091],[0.16129032258064516,0.45161290322580644,0.3870967741935484],[0.5909090909090909,0.15151515151515152,0.25757575757575757],[0.03225806451612903,0.7580645161290323,0.20967741935483872],[0.803030303030303,0.19696969696969696,0.0],[0.6774193548387096,0.24193548387096775,0.08064516129032258],[0.30303030303030304,0.030303030303030304,0.6666666666666666],[0.8709677419354839,0.06451612903225806,0.06451612903225806],[0.045454545454545456,0.8787878787878788,0.07575757575757576],[0.11290322580645161,0.2903225806451613,0.5967741935483871],[0.30303030303030304,0.25757575757575757,0.4393939393939394],[0.2903225806451613,0.20967741935483872,0.5],[0.10606060606060606,0.3181818181818182,0.5757575757575758],[0.3870967741935484,0.4032258064516129,0.20967741935483872],[0.7575757575757576,0.24242424242424243,0.0],[0.46774193548387094,0.16129032258064516,0.3709677419354839],[0.7837837837837838,0.10810810810810811,0.10810810810810811],[0.7027027027027027,0.21621621621621623,0.08108108108108109],[0.3155080213903743,0.6844919786096256],[0.28342245989304815,0.7165775401069518],[0.9090909090909091,0.09090909090909091],[0.7379679144385026,0.2620320855614973],[0.5828877005347594,0.41711229946524064],[0.40106951871657753,0.5989304812834224],[0.5775401069518716,0.42245989304812837],[0.9197860962566845,0.08021390374331551],[0.27807486631016043,0.7219251336898396],[0.6737967914438503,0.32620320855614976],[0.37967914438502676,0.6203208556149733],[0.893048128342246,0.10695187165775401],[0.37433155080213903,0.6256684491978609],[0.18716577540106952,0.8128342245989305],[0.732620320855615,0.26737967914438504],[0.8609625668449198,0.13903743315508021]]