[{"row":[[70.0,60.0,40.0],[60.0,80.0,20.0],[90.0,50.0,100.0]],"col":[[70.0,60.0,90.0],[60.0,80.0,50.0],[40.0,20.0,100.0]]},{"row":[[25.0,35.0,30.0],[45.0,50.0,45.0],[55.0,35.0,60.0]],"col":[[25.0,45.0,55.0],[35.0,50.0,35.0],[30.0,45.0,60.0]]},{"row":[[55.0,35.0,0.0],[25.0,35.0,0.0],[65.0,70.0,60.0]],"col":[[55.0,25.0,65.0],[35.0,35.0,70.0],[0.0,0.0,60.0]]},{"row":[[30.0,35.0,51.0],[100.0,0.0,50.0],[22.0,45.0,20.0]],"col":[[30.0,100.0,22.0],[35.0,0.0,45.0],[51.0,50.0,20.0]]},{"row":[[60.0,30.0,70.0],[60.0,70.0,25.0],[30.0,20.0,35.0]],"col":[[60.0,60.0,30.0],[30.0,70.0,20.0],[70.0,25.0,35.0]]},{"row":[[50.0,70.0,0.0],[0.0,35.0,25.0],[0.0,35.0,55.0]],"col":[[50.0,0.0,0.0],[70.0,35.0,35.0],[0.0,25.0,55.0]]},{"row":[[75.0,70.0,70.0],[40.0,15.0,60.0],[45.0,100.0,0.0]],"col":[[75.0,40.0,45.0],[70.0,15.0,100.0],[70.0,60.0,0.0]]},{"row":[[20.0,0.0,10.0],[0.0,60.0,25.0],[60.0,0.0,25.0]],"col":[[20.0,0.0,60.0],[0.0,60.0,0.0],[10.0,25.0,25.0]]},{"row":[[50.0,0.0,100.0],[0.0,55.0,35.0],[0.0,25.0,35.0]],"col":[[50.0,0.0,0.0],[0.0,55.0,25.0],[100.0,35.0,35.0]]},{"row":[[25.0,60.0,95.0],[30.0,31.0,30.0],[100.0,51.0,0.0]],"col":[[25.0,30.0,100.0],[60.0,31.0,51.0],[95.0,30.0,0.0]]},{"row":[[80.0,60.0,0.0],[60.0,70.0,0.0],[50.0,90.0,100.0]],"col":[[80.0,60.0,50.0],[60.0,70.0,90.0],[0.0,0.0,100.0]]},{"row":[[60.0,0.0,100.0],[0.0,55.0,35.0],[0.0,25.0,35.0]],"col":[[60.0,0.0,0.0],[0.0,55.0,25.0],[100.0,35.0,35.0]]},{"row":[[55.0,50.0,35.0],[0.0,50.0,100.0],[25.0,30.0,35.0]],"col":[[55.0,0.0,25.0],[50.0,50.0,30.0],[35.0,100.0,35.0]]},{"row":[[25.0,40.0,31.0],[30.0,45.0,0.0],[100.0,65.0,40.0]],"col":[[25.0,30.0,100.0],[40.0,45.0,65.0],[31.0,0.0,40.0]]},{"row":[[70.0,60.0,45.0],[30.0,60.0,45.0],[20.0,30.0,40.0]],"col":[[70.0,30.0,20.0],[60.0,60.0,30.0],[45.0,45.0,40.0]]},{"row":[[35.0,0.0,25.0],[70.0,60.0,0.0],[35.0,0.0,55.0]],"col":[[35.0,70.0,35.0],[0.0,60.0,0.0],[25.0,0.0,55.0]]},{"row":[[40.0,22.0,30.0],[15.0,80.0,100.0],[70.0,0.0,55.0]],"col":[[40.0,15.0,70.0],[22.0,80.0,0.0],[30.0,100.0,55.0]]},{"row":[[60.0,50.0,30.0],[30.0,25.0,20.0],[60.0,55.0,70.0]],"col":[[60.0,30.0,60.0],[50.0,25.0,55.0],[30.0,20.0,70.0]]},{"row":[[35.0,25.0,0.0],[35.0,55.0,0.0],[70.0,100.0,60.0]],"col":[[35.0,35.0,70.0],[25.0,55.0,100.0],[0.0,0.0,60.0]]},{"row":[[30.0,40.0,35.0],[50.0,45.0,60.0],[100.0,10.0,0.0]],"col":[[30.0,50.0,100.0],[40.0,45.0,10.0],[35.0,60.0,0.0]]},{"row":[[25.0,40.0,31.0],[30.0,45.0,0.0],[100.0,65.0,40.0]],"col":[[25.0,30.0,100.0],[40.0,45.0,65.0],[31.0,0.0,40.0]]},{"row":[[30.0,40.0,50.0],[100.0,0.0,75.0],[50.0,90.0,29.0]],"col":[[30.0,100.0,50.0],[40.0,0.0,90.0],[50.0,75.0,29.0]]},{"row":[[0.0,90.0,46.0],[100.0,63.0,82.0],[50.0,50.0,52.0]],"col":[[0.0,100.0,50.0],[90.0,63.0,50.0],[46.0,82.0,52.0]]},{"row":[[40.0,33.0,80.0],[100.0,25.0,0.0],[65.0,65.0,65.0]],"col":[[40.0,100.0,65.0],[33.0,25.0,65.0],[80.0,0.0,65.0]]},{"row":[[45.0,41.0,40.0],[50.0,0.0,100.0],[21.0,40.0,0.0]],"col":[[45.0,50.0,21.0],[41.0,0.0,40.0],[40.0,100.0,0.0]]},{"row":[[30.0,35.0,51.0],[100.0,0.0,50.0],[22.0,45.0,20.0]],"col":[[30.0,100.0,22.0],[35.0,0.0,45.0],[51.0,50.0,20.0]]},{"row":[[40.0,22.0,30.0],[15.0,80.0,100.0],[70.0,0.0,55.0]],"col":[[40.0,15.0,70.0],[22.0,80.0,0.0],[30.0,100.0,55.0]]},{"row":[[75.0,70.0,70.0],[40.0,15.0,60.0],[45.0,100.0,0.0]],"col":[[75.0,40.0,45.0],[70.0,15.0,100.0],[70.0,60.0,0.0]]},{"row":[[10.0,5.0,80.0],[100.0,60.0,30.0],[0.0,70.0,10.0]],"col":[[10.0,100.0,0.0],[5.0,60.0,70.0],[80.0,30.0,10.0]]},{"row":[[70.0,100.0,88.0],[90.0,0.0,48.0],[38.0,40.0,43.0]],"col":[[70.0,90.0,38.0],[100.0,0.0,40.0],[88.0,48.0,43.0]]},{"row":[[30.0,40.0,35.0],[50.0,45.0,60.0],[100.0,10.0,0.0]],"col":[[30.0,50.0,100.0],[40.0,45.0,10.0],[35.0,60.0,0.0]]},{"row":[[10.0,0.0,20.0],[100.0,70.0,50.0],[40.0,50.0,60.0]],"col":[[10.0,100.0,40.0],[0.0,70.0,50.0],[20.0,50.0,60.0]]},{"row":[[25.0,60.0,95.0],[30.0,31.0,30.0],[100.0,51.0,0.0]],"col":[[25.0,30.0,100.0],[60.0,31.0,51.0],[95.0,30.0,0.0]]},{"row":[[80.0,40.0,100.0],[60.0,10.0,5.0],[0.0,50.0,20.0]],"col":[[80.0,60.0,0.0],[40.0,10.0,50.0],[100.0,5.0,20.0]]},{"row":[[75.0,80.0,100.0],[0.0,35.0,35.0],[45.0,45.0,41.0]],"col":[[75.0,0.0,45.0],[80.0,35.0,45.0],[100.0,35.0,41.0]]},{"row":[[0.0,55.0,30.0],[35.0,40.0,0.0],[100.0,20.0,0.0]],"col":[[0.0,35.0,100.0],[55.0,40.0,20.0],[30.0,0.0,0.0]]},{"row":[[0.0,55.0,35.0],[0.0,25.0,35.0],[38.0,40.0,43.0]],"col":[[0.0,0.0,38.0],[55.0,25.0,40.0],[35.0,35.0,43.0]]},{"row":[[80.0,60.0,0.0],[60.0,70.0,0.0],[50.0,90.0,100.0]],"col":[[80.0,60.0,50.0],[60.0,70.0,90.0],[0.0,0.0,100.0]]},{"row":[[20.0,5.0,0.0],[100.0,5.0,5.0],[20.0,5.0,90.0]],"col":[[20.0,100.0,20.0],[5.0,5.0,5.0],[0.0,5.0,90.0]]},{"row":[[70.0,100.0,88.0],[90.0,0.0,48.0],[38.0,40.0,43.0]],"col":[[70.0,90.0,38.0],[100.0,0.0,40.0],[88.0,48.0,43.0]]},{"row":[[10.0,15.0,100.0],[10.0,80.0,0.0],[10.0,15.0,30.0]],"col":[[10.0,10.0,10.0],[15.0,80.0,15.0],[100.0,0.0,30.0]]},{"row":[[20.0,10.0,0.0],[0.0,90.0,0.0],[100.0,0.0,5.0]],"col":[[20.0,0.0,100.0],[10.0,90.0,0.0],[0.0,0.0,5.0]]},{"row":[[75.0,5.0,0.0],[10.0,90.0,1.0],[100.0,5.0,1.0]],"col":[[75.0,10.0,100.0],[5.0,90.0,5.0],[0.0,1.0,1.0]]},{"row":[[1.0,10.0,100.0],[0.0,90.0,5.0],[0.0,10.0,20.0]],"col":[[1.0,0.0,0.0],[10.0,90.0,10.0],[100.0,5.0,20.0]]},{"row":[[10.0,0.0,5.0],[100.0,0.0,5.0],[10.0,0.0,90.0]],"col":[[10.0,100.0,10.0],[0.0,0.0,0.0],[5.0,5.0,90.0]]},{"row":[[1.0,100.0,5.0],[0.0,10.0,5.0],[0.0,5.0,90.0]],"col":[[1.0,0.0,0.0],[100.0,10.0,5.0],[5.0,5.0,90.0]]},{"row":[[30.0,40.0,35.0],[50.0,45.0,60.0],[100.0,10.0,0.0]],"col":[[30.0,50.0,100.0],[40.0,45.0,10.0],[35.0,60.0,0.0]]},{"row":[[55.0,5.0,15.0],[10.0,90.0,0.0],[100.0,5.0,0.0]],"col":[[55.0,10.0,100.0],[5.0,90.0,5.0],[15.0,0.0,0.0]]},{"row":[[80.0,20.0,100.0],[80.0,100.0,10.0],[20.0,0.0,30.0]],"col":[[80.0,80.0,20.0],[20.0,100.0,0.0],[100.0,10.0,30.0]]},{"row":[[10.0,100.0,0.0],[5.0,30.0,80.0],[5.0,35.0,30.0]],"col":[[10.0,5.0,5.0],[100.0,30.0,35.0],[0.0,80.0,30.0]]},{"row":[[80.0,25.0,5.0],[10.0,0.0,100.0],[5.0,10.0,20.0]],"col":[[80.0,10.0,5.0],[25.0,0.0,10.0],[5.0,100.0,20.0]]},{"row":[[15.0,0.0,100.0],[0.0,90.0,0.0],[0.0,10.0,20.0]],"col":[[15.0,0.0,0.0],[0.0,90.0,10.0],[100.0,0.0,20.0]]},{"row":[[35.0,1.0,10.0],[0.0,100.0,40.0],[100.0,1.0,40.0]],"col":[[35.0,0.0,100.0],[1.0,100.0,1.0],[10.0,40.0,40.0]]},{"row":[[35.0,47.0,40.0],[39.0,51.0,15.0],[95.0,67.0,47.0]],"col":[[35.0,39.0,95.0],[47.0,51.0,67.0],[40.0,15.0,47.0]]},{"row":[[47.0,44.0,43.0],[51.0,11.0,91.0],[28.0,43.0,11.0]],"col":[[47.0,51.0,28.0],[44.0,11.0,43.0],[43.0,91.0,11.0]]},{"row":[[41.0,45.0,58.0],[97.0,17.0,57.0],[35.0,53.0,33.0]],"col":[[41.0,97.0,35.0],[45.0,17.0,53.0],[58.0,57.0,33.0]]},{"row":[[50.0,36.0,42.0],[30.0,82.0,98.0],[74.0,18.0,62.0]],"col":[[50.0,30.0,74.0],[36.0,82.0,18.0],[42.0,98.0,62.0]]},{"row":[[79.0,59.0,59.0],[51.0,31.0,67.0],[55.0,99.0,19.0]],"col":[[79.0,51.0,55.0],[59.0,31.0,99.0],[59.0,67.0,19.0]]},{"row":[[73.0,77.0,83.0],[13.0,41.0,41.0],[49.0,49.0,46.0]],"col":[[73.0,13.0,49.0],[77.0,41.0,49.0],[93.0,41.0,46.0]]},{"row":[[42.0,50.0,46.0],[58.0,54.0,66.0],[98.0,26.0,18.0]],"col":[[42.0,58.0,98.0],[50.0,54.0,26.0],[46.0,66.0,18.0]]},{"row":[[21.0,13.0,29.0],[93.0,69.0,53.0],[45.0,53.0,61.0]],"col":[[21.0,93.0,45.0],[13.0,69.0,53.0],[29.0,53.0,61.0]]},{"row":[[35.0,63.0,91.0],[39.0,40.0,39.0],[95.0,56.0,15.0]],"col":[[35.0,39.0,95.0],[63.0,40.0,56.0],[91.0,39.0,15.0]]},{"row":[[37.0,45.0,53.0],[93.0,13.0,73.0],[53.0,85.0,36.0]],"col":[[37.0,93.0,53.0],[45.0,13.0,85.0],[53.0,73.0,36.0]]},{"row":[[11.0,91.0,51.0],[59.0,27.0,43.0],[51.0,51.0,53.0]],"col":[[11.0,59.0,51.0],[91.0,27.0,51.0],[51.0,43.0,53.0]]},{"row":[[50.0,44.0,82.0],[98.0,38.0,18.0],[70.0,70.0,70.0]],"col":[[50.0,98.0,70.0],[44.0,38.0,70.0],[82.0,18.0,70.0]]},{"row":[[40.0,20.0,30.0],[10.0,80.0,100.0],[70.0,0.0,60.0]],"col":[[40.0,10.0,70.0],[20.0,80.0,0.0],[30.0,100.0,60.0]]},{"row":[[40.0,60.0,50.0],[100.0,50.0,80.0],[10.0,30.0,40.0]],"col":[[40.0,100.0,10.0],[60.0,50.0,30.0],[50.0,80.0,40.0]]},{"row":[[20.0,60.0,0.0],[0.0,20.0,60.0],[100.0,0.0,40.0]],"col":[[20.0,0.0,100.0],[60.0,20.0,0.0],[0.0,60.0,40.0]]},{"row":[[20.0,40.0,30.0],[30.0,40.0,0.0],[100.0,60.0,40.0]],"col":[[20.0,30.0,100.0],[40.0,40.0,60.0],[30.0,0.0,40.0]]},{"row":[[50.0,50.0,40.0],[0.0,10.0,40.0],[20.0,100.0,40.0]],"col":[[50.0,0.0,20.0],[50.0,10.0,100.0],[40.0,40.0,40.0]]},{"row":[[10.0,0.0,20.0],[100.0,70.0,50.0],[20.0,30.0,40.0]],"col":[[10.0,100.0,20.0],[0.0,70.0,30.0],[20.0,50.0,40.0]]},{"row":[[30.0,40.0,50.0],[0.0,40.0,20.0],[100.0,80.0,40.0]],"col":[[30.0,0.0,100.0],[40.0,40.0,80.0],[50.0,20.0,40.0]]},{"row":[[40.0,30.0,20.0],[20.0,20.0,10.0],[0.0,100.0,100.0]],"col":[[40.0,20.0,0.0],[30.0,20.0,100.0],[20.0,10.0,100.0]]},{"row":[[10.0,0.0,90.0],[100.0,60.0,40.0],[0.0,70.0,20.0]],"col":[[10.0,100.0,0.0],[0.0,60.0,70.0],[90.0,40.0,20.0]]},{"row":[[30.0,20.0,80.0],[100.0,60.0,0.0],[40.0,40.0,40.0]],"col":[[30.0,100.0,40.0],[20.0,60.0,40.0],[80.0,0.0,40.0]]},{"row":[[25.0,40.0,31.0],[30.0,45.0,0.0],[100.0,65.0,40.0]],"col":[[25.0,30.0,100.0],[40.0,45.0,65.0],[31.0,0.0,40.0]]},{"row":[[45.0,41.0,40.0],[50.0,0.0,100.0],[21.0,40.0,0.0]],"col":[[45.0,50.0,21.0],[41.0,0.0,40.0],[40.0,100.0,0.0]]},{"row":[[30.0,35.0,51.0],[100.0,0.0,50.0],[22.0,45.0,20.0]],"col":[[30.0,100.0,22.0],[35.0,0.0,45.0],[51.0,50.0,20.0]]},{"row":[[40.0,22.0,30.0],[15.0,80.0,100.0],[70.0,0.0,55.0]],"col":[[40.0,15.0,70.0],[22.0,80.0,0.0],[30.0,100.0,55.0]]},{"row":[[75.0,70.0,70.0],[40.0,15.0,60.0],[45.0,100.0,0.0]],"col":[[75.0,40.0,45.0],[70.0,15.0,100.0],[70.0,60.0,0.0]]},{"row":[[75.0,80.0,100.0],[0.0,35.0,35.0],[45.0,45.0,41.0]],"col":[[75.0,0.0,45.0],[80.0,35.0,45.0],[100.0,35.0,41.0]]},{"row":[[30.0,40.0,35.0],[50.0,45.0,60.0],[100.0,10.0,0.0]],"col":[[30.0,50.0,100.0],[40.0,45.0,10.0],[35.0,60.0,0.0]]},{"row":[[10.0,0.0,20.0],[100.0,70.0,50.0],[40.0,50.0,60.0]],"col":[[10.0,100.0,40.0],[0.0,70.0,50.0],[20.0,50.0,60.0]]},{"row":[[25.0,60.0,95.0],[30.0,31.0,30.0],[100.0,51.0,0.0]],"col":[[25.0,30.0,100.0],[60.0,31.0,51.0],[95.0,30.0,0.0]]},{"row":[[30.0,40.0,50.0],[100.0,0.0,75.0],[50.0,90.0,29.0]],"col":[[30.0,100.0,50.0],[40.0,0.0,90.0],[50.0,75.0,29.0]]},{"row":[[0.0,100.0,50.0],[60.0,20.0,40.0],[50.0,50.0,52.0]],"col":[[0.0,60.0,50.0],[100.0,20.0,50.0],[50.0,40.0,52.0]]},{"row":[[40.0,33.0,80.0],[100.0,25.0,0.0],[65.0,65.0,65.0]],"col":[[40.0,100.0,65.0],[33.0,25.0,65.0],[80.0,0.0,65.0]]},{"row":[[40.0,10.0,40.0],[60.0,10.0,40.0],[10.0,60.0,40.0]],"col":[[40.0,60.0,10.0],[10.0,10.0,60.0],[40.0,40.0,40.0]]},{"row":[[72.0,84.0],[31.0,55.0]],"col":[[93.0,52.0],[46.0,79.0]]},{"row":[[93.0,46.0],[52.0,79.0]],"col":[[72.0,31.0],[84.0,55.0]]},{"row":[[94.0,45.0],[38.0,14.0]],"col":[[23.0,89.0],[57.0,18.0]]},{"row":[[23.0,57.0],[89.0,18.0]],"col":[[94.0,38.0],[45.0,14.0]]},{"row":[[75.0,48.0],[42.0,89.0]],"col":[[51.0,80.0],[27.0,68.0]]},{"row":[[51.0,27.0],[80.0,68.0]],"col":[[75.0,42.0],[48.0,89.0]]},{"row":[[21.0,55.0],[87.0,16.0]],"col":[[92.0,36.0],[43.0,12.0]]},{"row":[[92.0,43.0],[36.0,12.0]],"col":[[21.0,87.0],[55.0,16.0]]},{"row":[[78.0,67.0,16.0],[69.0,59.0,65.0],[12.0,78.0,94.0]],"col":[[73.0,52.0,76.0],[23.0,61.0,87.0],[14.0,53.0,79.0]]},{"row":[[73.0,23.0,14.0],[52.0,61.0,53.0],[76.0,87.0,79.0]],"col":[[78.0,69.0,12.0],[67.0,59.0,78.0],[16.0,65.0,94.0]]},{"row":[[59.0,36.0,72.0],[34.0,85.0,43.0],[96.0,39.0,25.0]],"col":[[59.0,48.0,76.0],[91.0,33.0,14.0],[43.0,18.0,55.0]]},{"row":[[59.0,91.0,43.0],[48.0,33.0,18.0],[76.0,14.0,55.0]],"col":[[59.0,34.0,96.0],[36.0,85.0,39.0],[72.0,43.0,25.0]]},{"row":[[43.0,39.0,69.0],[38.0,79.0,66.0],[92.0,68.0,74.0]],"col":[[91.0,27.0,10.0],[81.0,68.0,21.0],[64.0,19.0,54.0]]},{"row":[[91.0,81.0,64.0],[27.0,68.0,19.0],[10.0,21.0,54.0]],"col":[[43.0,38.0,92.0],[39.0,79.0,68.0],[69.0,66.0,74.0]]},{"row":[[25.0,49.0,64.0],[90.0,53.0,20.0],[38.0,78.0,19.0]],"col":[[27.0,39.0,85.0],[43.0,73.0,46.0],[59.0,52.0,78.0]]},{"row":[[27.0,43.0,59.0],[39.0,73.0,52.0],[85.0,46.0,78.0]],"col":[[25.0,90.0,38.0],[49.0,53.0,78.0],[64.0,20.0,19.0]]},{"row":[[83.0,93.0,66.0],[23.0,12.0,56.0],[70.0,29.0,21.0]],"col":[[40.0,45.0,94.0],[68.0,71.0,76.0],[81.0,41.0,70.0]]},{"row":[[40.0,68.0,81.0],[45.0,71.0,41.0],[94.0,76.0,70.0]],"col":[[83.0,23.0,70.0],[93.0,12.0,29.0],[66.0,56.0,21.0]]},{"row":[[82.0,43.0,75.0],[36.0,70.0,49.0],[24.0,40.0,57.0]],"col":[[61.0,17.0,16.0],[46.0,50.0,75.0],[22.0,87.0,35.0]]},{"row":[[61.0,46.0,22.0],[17.0,50.0,87.0],[16.0,75.0,35.0]],"col":[[82.0,36.0,24.0],[43.0,70.0,40.0],[75.0,49.0,57.0]]},{"row":[[21.0,71.0,12.0],[59.0,50.0,61.0],[85.0,74.0,77.0]],"col":[[67.0,76.0,10.0],[57.0,65.0,76.0],[63.0,14.0,92.0]]},{"row":[[67.0,57.0,63.0],[76.0,65.0,14.0],[10.0,76.0,92.0]],"col":[[21.0,59.0,85.0],[71.0,50.0,74.0],[12.0,61.0,77.0]]},{"row":[[74.0,96.0,14.0],[78.0,10.0,83.0],[46.0,57.0,69.0]],"col":[[38.0,12.0,51.0],[71.0,89.0,18.0],[43.0,25.0,62.0]]},{"row":[[38.0,71.0,43.0],[12.0,89.0,25.0],[51.0,18.0,62.0]],"col":[[74.0,78.0,46.0],[96.0,10.0,57.0],[14.0,83.0,69.0]]},{"row":[[73.0,45.0,40.0],[20.0,64.0,53.0],[91.0,27.0,14.0]],"col":[[80.0,48.0,76.0],[85.0,71.0,17.0],[12.0,59.0,98.0]]},{"row":[[80.0,85.0,12.0],[48.0,71.0,59.0],[76.0,17.0,98.0]],"col":[[73.0,20.0,91.0],[45.0,64.0,27.0],[40.0,53.0,14.0]]},{"row":[[78.0,10.0,69.0],[59.0,49.0,42.0],[27.0,98.0,85.0]],"col":[[49.0,82.0,64.0],[68.0,10.0,39.0],[35.0,38.0,86.0]]},{"row":[[49.0,68.0,35.0],[82.0,10.0,38.0],[64.0,39.0,86.0]],"col":[[78.0,59.0,27.0],[10.0,49.0,98.0],[69.0,42.0,85.0]]},{"row":[[39.0,83.0,11.0],[36.0,50.0,69.0],[57.0,65.0,40.0]],"col":[[99.0,11.0,50.0],[28.0,79.0,61.0],[86.0,70.0,43.0]]},{"row":[[99.0,28.0,86.0],[11.0,79.0,70.0],[50.0,61.0,43.0]],"col":[[39.0,36.0,57.0],[83.0,50.0,65.0],[11.0,69.0,40.0]]},{"row":[[84.0,21.0,70.0],[33.0,39.0,31.0],[12.0,68.0,59.0]],"col":[[82.0,28.0,39.0],[95.0,37.0,48.0],[73.0,64.0,81.0]]},{"row":[[82.0,95.0,73.0],[28.0,37.0,64.0],[39.0,48.0,81.0]],"col":[[84.0,33.0,12.0],[21.0,39.0,68.0],[70.0,31.0,59.0]]},{"row":[[47.0,38.0,80.0],[94.0,81.0,72.0],[36.0,27.0,63.0]],"col":[[29.0,69.0,58.0],[32.0,83.0,11.0],[38.0,20.0,67.0]]},{"row":[[29.0,32.0,38.0],[69.0,83.0,20.0],[58.0,11.0,67.0]],"col":[[47.0,94.0,36.0],[38.0,81.0,27.0],[80.0,72.0,63.0]]},{"row":[[57.0,89.0,41.0],[46.0,31.0,16.0],[74.0,12.0,53.0]],"col":[[58.0,32.0,94.0],[34.0,83.0,37.0],[70.0,41.0,23.0]]},{"row":[[58.0,34.0,70.0],[32.0,83.0,41.0],[94.0,37.0,23.0]],"col":[[57.0,46.0,74.0],[89.0,31.0,12.0],[41.0,16.0,53.0]]},{"row":[[50.0,10.0,10.0],[10.0,20.0,20.0],[10.0,20.0,20.0]],"col":[[10.0,20.0,20.0],[20.0,10.0,10.0],[20.0,10.0,10.0]]},{"row":[[10.0,20.0,20.0],[20.0,10.0,10.0],[20.0,10.0,10.0]],"col":[[50.0,10.0,10.0],[10.0,20.0,20.0],[10.0,20.0,20.0]]},{"row":[[60.0,40.0],[20.0,40.0]],"col":[[10.0,50.0],[30.0,50.0]]},{"row":[[10.0,30.0],[50.0,50.0]],"col":[[60.0,20.0],[40.0,40.0]]},{"row":[[40.0,20.0],[60.0,20.0]],"col":[[50.0,10.0],[30.0,10.0]]},{"row":[[50.0,30.0],[10.0,10.0]],"col":[[40.0,60.0],[20.0,20.0]]},{"row":[[60.0,40.0],[20.0,40.0]],"col":[[30.0,10.0],[50.0,10.0]]},{"row":[[30.0,50.0],[10.0,10.0]],"col":[[60.0,20.0],[40.0,40.0]]},{"row":[[60.0,40.0],[20.0,40.0]],"col":[[50.0,30.0],[10.0,30.0]]},{"row":[[50.0,10.0],[30.0,30.0]],"col":[[60.0,20.0],[40.0,40.0]]},{"row":[[20.0,60.0],[40.0,60.0]],"col":[[50.0,10.0],[30.0,10.0]]},{"row":[[50.0,30.0],[10.0,10.0]],"col":[[20.0,40.0],[60.0,60.0]]},{"row":[[60.0,40.0],[20.0,40.0]],"col":[[30.0,50.0],[10.0,50.0]]},{"row":[[30.0,10.0],[50.0,50.0]],"col":[[60.0,20.0],[40.0,40.0]]},{"row":[[60.0,40.0],[20.0,40.0]],"col":[[10.0,30.0],[50.0,30.0]]},{"row":[[10.0,50.0],[30.0,30.0]],"col":[[60.0,20.0],[40.0,40.0]]},{"row":[[60.0,40.0],[20.0,40.0]],"col":[[50.0,10.0],[40.0,10.0]]},{"row":[[50.0,40.0],[10.0,10.0]],"col":[[60.0,20.0],[40.0,40.0]]}]